crypto:13259.280273
raw_material:1372.20
stock_exchange:5368.839844
forex:1.07264
